almost: [-0.6544532   0.16511188]
arcturus: [0.55229616 0.5348177 ]
because: [0.6687494  0.07691023]
bigdipper: [ 0.6981557  -0.82895696]
bootes: [-0.66579324  0.6122797 ]
brightest: [-0.04738624 -0.57413363]
circumpolar: [ 1.1805397  -0.96724117]
closer: [-0.80735123  0.27039576]
constellation: [-1.0403851  0.4442971]
could: [-0.8246605  -0.36638662]
due: [0.2519225 0.9376016]
east: [-0.08934929  0.8874289 ]
equator: [0.18778041 0.36673236]
for: [-0.6940238  0.5131766]
further: [ 0.7120276 -0.5044938]
hemisphere: [-0.34158885 -0.82498735]
if: [ 0.40136817 -1.0761238 ]
it: [ 1.0516471 -1.0425326]
its: [ 1.0433093 -0.4600958]
leo: [-0.8428517   0.47657523]
location: [ 1.0603759  -0.97331524]
months: [0.4789633  0.46581867]
navigations: [ 0.22807704 -0.05069121]
near: [ 0.45431373 -1.1975664 ]
north: [0.7355839  0.04012857]
northern: [ 0.15176205 -1.229613  ]
of: [-1.2147962  0.5402564]
one: [0.30398077 0.90133303]
regulus: [0.3474411  0.77439123]
south: [1.2835979e-03 1.4217278e+00]
spica: [-0.25437218  0.74234957]
star: [-1.0728241  -0.47331783]
stars: [-0.21071321 -0.9810584 ]
sun: [-0.00866069  0.45368168]
than: [-1.1089847   0.14638062]
that: [0.272003  0.7424229]
to: [-0.733338  -0.0270933]
two: [-0.25841984  1.0979295 ]
virgo: [0.39654437 0.14674784]
were: [ 0.5641994 -0.4183821]
west: [-0.1265736  1.1724284]
year: [0.41537312 1.6136336 ]
