beautiful: [-1.0074387  1.1279768]
boy: [ 0.9764781 -1.4790168]
can: [-0.19979756 -0.54071665]
children: [1.528485  0.9430075]
daughter: [-1.0137979  1.3360487]
family: [0.4207012 1.5700815]
future: [-0.57347196 -0.18104586]
king: [1.2238089  0.47099882]
man: [-0.9057145 -1.2549869]
now: [-0.9481383 -1.3141595]
only: [ 0.3134503 -1.0832871]
prince: [-0.22250661 -1.220674  ]
princess: [1.168077  1.3379827]
queen: [-0.5233026  1.1313791]
realm: [-1.1717705   0.90348214]
royal: [-0.50892466  1.2335247 ]
rule: [0.5619343 1.5128694]
son: [ 0.8969127  -0.90934455]
strong: [ 1.5497228 -1.4803021]
their: [-0.13123013  1.3145865 ]
woman: [0.1015783  0.15305491]
